intrinsic:
903.2545392417838 0.0 638.4867270329387 
0.0 904.8591527878028 358.98011401394757 
0.0 0.0 1.0 
distortion:
0.07131269033817988 -0.03204067869387028 -0.0021525789859636905 -0.001480073272370852 -0.332139884494737 
