intrinsic:
985.2056475083342 0.0 628.2686702394004 
0.0 987.0171932861401 360.44295671913613 
0.0 0.0 1.0 
distortion:
0.09160540974753602 -0.9971803632171079 -0.0012389000331331445 -0.001726965926414732 1.973695062443314 
